0 1.0000007040331231334 0 784012 0 0 10 15
1 1.0001178393884078144 0 67829 0 0 1 14
2 1.000198139874504788 0 1105843 0 0 14 13
3 1.0002412971832794764 0 364405 0 0 11 3
4 1.0005412250316967349 0 52324 0 0 6 5
5 1.0005479000018466795 0 771265 0 0 11 8
6 1.0005779413032218628 0 38076 0 0 3 2
7 1.0005990605144439165 0 261637 0 0 1 0
8 1.0008056901925508342 0 1287315 0 0 13 14
9 1.0008543852808022834 0 1382156 0 0 12 9
10 1.0011918103659274148 0 13637829 0 0 0 1
11 1.0012005771199645743 0 610703 0 0 2 1
12 1.0012486164114262621 0 93417 0 0 15 13
13 1.0012752116687171355 0 25119 0 0 13 12
14 1.0013609665802156723 0 872187 0 0 10 9
15 1.0014615079802182684 0 6663 0 0 3 1
16 1.0016480965438414596 0 158053 0 0 7 5
17 1.0016734210763447166 0 713604 0 0 0 3
18 1.0016827069249052418 0 1762385 0 0 8 4
19 1.0018113280596641079 0 34631 0 0 13 8
20 1.0019710948001703255 0 17387997 0 0 8 9
21 1.0019890248393445997 0 2792011 0 0 12 13
22 1.0021705283485868865 0 16215 0 0 13 12
23 1.0022741485206381196 0 16381109 0 0 1 3
24 1.002275649451010997 0 1645118 0 0 13 5
25 1.0025609451086117119 0 7300 0 0 5 6
26 1.002852805453412488 0 45799 0 0 1 3
27 1.0030218238914758722 0 15771107 0 0 6 5
28 1.0030227428828666358 0 3859473 0 0 2 8
29 1.0031005702231865495 0 1954924 0 0 1 2
30 1.00317419617446979 0 28671 0 0 12 14
31 1.0032640190473101072 0 11172855 0 0 4 1
32 1.0033535929468537784 0 72385 0 0 2 3
33 1.0035136276487466311 0 11798 0 0 15 12
34 1.003566312164589025 0 3949401 0 0 11 9
35 1.0036203029012720211 0 63607 0 0 6 5
36 1.0036277393162686966 0 71073 0 0 11 8
37 1.0036289314644906145 0 14912 0 0 9 15
38 1.003783719390843876 0 1256369 0 0 0 1
39 1.0037923506554291553 0 228543 0 0 1 0
40 1.003807618454065409 0 3080529 0 0 10 11
41 1.003857914572882315 0 14542 0 0 12 14
42 1.0042204464668234021 0 72619 0 0 4 6
43 1.0044551703377655461 0 8405 0 0 9 8
44 1.0045693806827538097 0 33677 0 0 2 0
45 1.004599421925946201 0 10919543 0 0 14 12
46 1.0046038023519154869 0 3045458 0 0 1 3
47 1.0047411664032128709 0 71116 0 0 6 5
48 1.0048740352352945049 0 48070 0 0 6 0
49 1.0050521473205351608 0 259835 0 0 2 0
50 1.0051425741063186869 0 9746 0 0 5 6
51 1.0052222582859462463 0 6441 0 0 7 5
52 1.0052937504121199908 0 41421 0 0 10 8
53 1.0053604001271581048 0 34975 0 0 0 15
54 1.005588039321393623 0 55213 0 0 6 13
55 1.0056051360924884719 0 170933 0 0 9 6
56 1.005625946697069617 0 653748 0 0 6 4
57 1.0056947255221981852 0 69098 0 0 3 5
58 1.0059777210416325222 0 4572978 0 0 1 3
59 1.0060157221950161155 0 84387 0 0 10 11
60 1.0062740679402946142 0 124148 0 0 15 5
61 1.0062982386316465799 0 2860442 0 0 6 7
62 1.0063682307257886261 0 23553 0 0 0 2
63 1.0067093852584736435 0 1273986 0 0 4 7
64 1.0068298010189717928 0 17406840 0 0 8 10
65 1.0071066559311743216 0 5956439 0 0 5 4
66 1.0071269046231714483 0 51632 0 0 2 3
67 1.0071374690658705386 0 1843263 0 0 3 0
68 1.007216798851318762 0 28323 0 0 1 2
69 1.0073595617971145 0 3981694 0 0 8 5
70 1.0074883032039991804 0 2846 0 0 6 4
71 1.0077313451308673731 0 17470341 0 0 4 14
72 1.0078443346563383809 0 19916 0 0 13 12
73 1.0078481842080260211 0 3969748 0 0 14 12
74 1.0078519009192514755 0 5913 0 0 4 15
75 1.0080723719671114136 0 29134 0 0 7 6
76 1.00820016659457945 0 2300627 0 0 7 5
77 1.0083749823560390624 0 2993 0 0 8 11
78 1.0084153200730001654 0 62234 0 0 11 9
79 1.0084237016224810723 0 921466 0 0 3 1
80 1.008427589750111375 0 7169 0 0 13 14
81 1.0084929961957753708 0 161693 0 0 13 2
82 1.0086410403140562142 0 192416 0 0 1 0
83 1.008686805095881267 0 29631 0 0 7 4
84 1.0087116258042461148 0 66593 0 0 14 15
85 1.0088874694421794409 0 266674 0 0 3 0
86 1.0090466143645164809 0 340990 0 0 4 5
87 1.0091158528686396956 0 22392 0 0 6 14
88 1.0091873194538782954 0 4118 0 0 1 3
89 1.0094942311443972915 0 14253111 0 0 7 4
90 1.0095465178140252682 0 67782 0 0 12 13
91 1.0097659390365731902 0 2775313 0 0 9 11
92 1.0097783490976026677 0 40063 0 0 4 7
93 1.0099441704053235824 0 37511 0 0 15 14
94 1.0099643325518083969 0 656809 0 0 11 14
95 1.0101082670214869275 0 24827 0 0 11 9
96 1.0101298955736059959 0 397633 0 0 0 5
97 1.0101748027170223132 0 30394 0 0 0 3
98 1.0102110480783410562 0 17859 0 0 6 10